2.819434085039765683e-02
1.090504575845264480e-02
1.195428873693162204e-03
2.222803588682466355e-04
1.157664773369233759e-03
2.901362233895614460e-03
3.100657004053890080e-04
1.584041348020402272e-04
2.604694486693290116e-03
3.104937120840071669e-04
8.815382202962383090e-03
1.092029266364298243e-03
2.497866885008509855e-02
4.157458824422185194e-03
1.688566574950596695e-04
8.542208247644088315e-03
4.210059086924304497e-04
1.959186549694709369e-03
4.361680591414255373e-05
2.260515801331018572e-04
2.463407069766097336e-03
3.420877818818226362e-02
3.032236945261699429e-03
7.987706203391607609e-04
1.270980880139419532e-02
1.779643177267445375e-04
1.227726740388223551e-03
2.379535136831284915e-03
2.311095755278206113e-02
4.797949882634941834e-03
1.939929147201988058e-02
1.753420624509711956e-04
1.908388945044609333e-02
1.829132949173585673e-03
1.698696083432476092e-02
1.109780675711012957e-04
1.033068487760392673e-02
5.316187114458611855e-04
4.742512764193733410e-03
1.514084834987741452e-03
3.554402668573321288e-04
9.156570536901796620e-03
7.511233385237360213e-03
1.828539571336078827e-03
1.095362447404988118e-04
7.539185840930161557e-04
1.816494430007644821e-03
9.380193577467747009e-04
5.126265708588080214e-03
1.475648000484836540e-03
1.543582041259646139e-04
9.843461758770803531e-04
6.982958232596104750e-03
6.055718685064136577e-04
1.723555221579101127e-02
8.974691010672995988e-05
3.449606901184989506e-03
2.946292136801507283e-03
1.311898507184272936e-02
2.895809433677337045e-04
4.651203854614066819e-04
6.093476579272638985e-03
2.891826247060724862e-03
2.203338139409290880e-02
2.449356074285500033e-04
7.749235883186681925e-03
3.775486818159794460e-04
6.343155856998942521e-05
4.027328861924230389e-04
1.115101054461015498e-02
8.735252989264569341e-04
5.311986645997672334e-03
2.253892532571062299e-03
9.940093798994863433e-04
7.360519797978606199e-04
5.227039160240407045e-03
3.165431285879881525e-04
6.133803959333804950e-05
2.656128841963612333e-04
8.668286515925639106e-04
1.157187373322891757e-03
2.507097987417320449e-04
2.111950302920710296e-04
2.458318506585694142e-05
6.667362902611441346e-04
1.767795603583122458e-03
8.900509094049847796e-04
7.683241875689196011e-03
9.251810316311601112e-04
7.404532559349946263e-04
2.311943782155670077e-02
2.047625552046823585e-03
3.807003090144121110e-03
1.158199621267216872e-03
1.385644952171537691e-03
4.449371744105688991e-04
4.245523440110035725e-04
1.076807114352037326e-02
2.247804831686820110e-04
1.783782023996648017e-03
7.146805575442680050e-04
2.219427395919870835e-05
4.780741149339101659e-03
1.404693218375725099e-03
1.378296586231421254e-02
2.903192973548001082e-04
1.331061294134967333e-04
3.278664392522070981e-02
2.803989634683414986e-02
1.104571097873387555e-04
5.374306046268318739e-04
5.077286457184065210e-04
9.404139981702358889e-04
3.673345586509122254e-03
1.319214332438886292e-03
3.091835017890896473e-03
2.238315195593011729e-04
6.443614474299894134e-04
2.341926711011261403e-03
2.270531057930726734e-03
4.460134644333102103e-04
1.358297543190684076e-02
1.736737858267792950e-02
1.705980056609766524e-02
5.831997079018646883e-04
1.335323416021688963e-04
1.104658730854197373e-04
2.557649693867253098e-04
7.614322348751735581e-03
2.163109276067231440e-03
1.055105491428038212e-03
1.290314685318439672e-03
3.020367879223767506e-04
6.890204777369390680e-03
1.045642925732162424e-03
1.820428128150146027e-02
1.481501908424067739e-02
2.626670949183541447e-03
1.252372889040370913e-03
1.356860782984576849e-04
2.249804993085616572e-05
1.878480848044238212e-03
1.465225758382480113e-02
3.323705068122861234e-03
9.374008833079547701e-03
7.818311899336859855e-03
2.235709252896096036e-05
3.252372258419283096e-02
7.269293833170415928e-04
9.846557906534346427e-03
6.679052135984544852e-05
1.769824990887672658e-02
1.097410078620336205e-03
4.909921488447277667e-04
1.732138828495496247e-02
2.224421447809580784e-04
2.293112752025415826e-03
1.923414515761307387e-03
8.940910100030777545e-04
3.545295580102708773e-04
7.654198881183162106e-03
1.899621529119293467e-02
7.782126823187178249e-04
1.181864372551415417e-03
2.157348358718995038e-02
1.331485835920830476e-03
1.787036925651946191e-04
8.916862401890138202e-05
8.767213928709971385e-05
3.339060532043401554e-04
8.918697929645589466e-05
2.518267718952945863e-02
3.453419899747904760e-03
8.888650321019805466e-04
1.678282981164637942e-03
2.540221825253042090e-02
2.690153901761302164e-03
3.425134569236670530e-04
4.009423581533474177e-04
1.751280569898994068e-04
3.051923370449707591e-03
2.384130053218451277e-03
7.363013960290180340e-04
1.046575478565660300e-02
6.845664883954277833e-04
8.002323064690402546e-04
6.598733040098041496e-04
1.123199853102731433e-04
3.126093788972746004e-04
1.277843079142464144e-03
5.138197608550725166e-04
4.036502534869279265e-04
4.299469565091456718e-05
4.189552106827851177e-04
4.492323643276951994e-03
1.453229197092138943e-03
2.160521341619112262e-05
5.033803695661915982e-03
3.262818657724895609e-03
2.964134203835957874e-03
9.374232059651937390e-04
1.948460732795562547e-02
5.527841135818160022e-04
1.920141330395253466e-03
8.056440797922997206e-04
2.147262110016389270e-03
2.739064052411050798e-04
6.514545533159368275e-03
9.052094915684003778e-04
2.078012889681255665e-02
2.651912302178515042e-03
3.558544949813405734e-03
