5.574649306269958087e-05
3.684675550529517828e-05
1.239387369687382375e-04
7.866114616100918335e-05
4.689119547937419913e-05
5.496583683218433090e-05
2.000806805890693635e-04
7.781916805505885025e-05
1.611093549212432659e-04
1.037207349400818586e-04
8.026077936503100171e-05
1.695706980570631261e-04
5.893280733083429635e-05
1.117464888955359091e-04
1.980702911115568771e-04
1.098713813545266577e-04
1.068899578392365685e-04
7.948260488828081706e-05
1.044667938828579295e-04
1.156621633904763517e-04
1.193939524117789731e-04
1.414615889792612022e-04
4.053198476598597979e-04
2.053858659935894058e-04
1.653327062478164903e-04
9.361546532157938153e-05
1.012464242587265110e-04
2.031008404645892314e-04
1.883304331794132458e-04
1.088712070410173820e-04
1.574120115933664340e-04
9.853430893530870649e-05
1.212157289077196888e-04
9.837334321214002487e-05
8.576919727104366910e-05
1.969626710500188452e-04
1.648408748288081099e-04
6.557020304437677371e-05
1.698250767012050876e-05
1.315713539589525661e-04
3.764999607424022749e-03
1.246734525956187830e-04
1.802694807222266112e-03
1.459431383641077368e-04
7.938989166320467898e-05
1.908867920069373301e-04
6.846729776853517787e-05
8.596602202213813790e-05
1.173208542616007024e-04
2.285401816364878911e-04
7.573416415872767128e-05
1.891534990673249584e-05
2.817844149981707269e-05
6.826299269053542548e-04
1.194310780362219093e-04
5.680812499153846222e-04
4.665843645393318029e-04
1.809410064647217170e-04
1.398684648715178499e-04
1.635052268515886891e-04
1.202488828002203135e-04
1.884957546153610060e-04
1.694467845860106253e-04
1.089742151052327835e-04
2.079318064634855224e-04
9.656537943342754311e-05
7.254248265621764363e-05
7.606957950784431946e-05
1.168885780278066050e-04
2.134658161212690114e-04
8.202869589963709073e-05
1.590057392954921070e-04
5.854935765216445379e-05
1.272085340059914528e-03
3.618161623399207555e-05
4.512406456371594271e-05
1.162792455145116911e-04
1.849405575189731277e-04
3.517262669986743768e-04
4.486658005019976978e-04
3.120177781896849912e-04
3.112927688278462903e-04
1.585423560214612414e-05
1.113475801284103740e-04
8.107385034915456316e-05
3.828436997382502871e-05
1.645766117556368615e-04
1.102205409830423919e-04
4.690142765656968635e-05
1.515287851045110559e-04
1.956402605771080585e-04
1.284477788340080404e-04
9.158701990275810079e-05
6.806987382223195443e-05
6.507635248811998948e-05
1.098572029719496881e-04
1.391877109379153707e-04
7.010906285458562025e-05
2.005175941044528805e-04
1.245078816994814297e-04
1.195831532303830500e-04
1.421270778964488430e-04
1.650252930285566193e-04
1.303647686278442883e-04
3.921408817482963105e-02
3.886543795987517334e-03
3.507048471511127474e-02
1.257849151254044782e-04
9.564301780994559484e-05
6.163022818984222983e-05
1.292192446013382318e-04
9.735099825865748009e-05
6.966461780200096604e-05
4.740008684010251904e-05
1.059686109084890783e-04
2.247733720121854856e-04
1.560649523250734027e-04
1.593790300331891828e-03
1.928274297098345847e-05
3.891611013567693010e-05
6.258415905448549066e-04
6.949068909712674579e-05
3.812558139785002654e-04
1.657308755475947123e-04
3.143646685085375089e-04
2.272931367370712038e-04
5.703056712529246862e-05
1.261209799921609264e-04
5.503202200050629308e-05
1.743433023508743525e-04
1.139456223144153120e-05
1.368979105507956795e-04
5.266400285376095848e-05
1.712355092305328731e-04
8.920697080128098385e-05
1.444092470770387256e-04
8.400896971520745128e-05
1.203039190911128580e-04
1.737198610010345424e-04
2.329939793415376314e-04
9.473043461403944188e-05
3.488926068368542648e-04
9.477355102971955639e-05
5.197402717872614869e-05
1.618613728909077006e-04
8.007009424820026532e-05
1.159717310304681387e-04
1.524260960218969840e-05
1.608404633921091203e-04
9.939353910531685424e-05
1.832778210869773745e-05
1.542134078715654292e-04
1.945598339921315043e-04
7.895126011026786178e-05
1.369520909970670856e-04
7.238803880236935676e-05
1.406434882310750366e-04
9.573821681971831808e-05
1.125656342294005421e-04
8.300443780761247660e-05
5.392384530404487189e-05
5.269742292444061320e-05
6.185989366116014703e-05
1.892021109658984391e-04
1.105135937582149894e-04
1.268340878202726322e-04
1.093787199720915840e-04
7.786026817144107081e-05
2.513879320105837784e-04
1.734085020000460960e-05
8.812413938573428998e-05
1.749769261504730716e-04
3.036218491156500270e-03
3.564939088994303201e-02
1.277434419252315842e-03
3.702175706056356434e-03
2.215026856258968738e-02
5.330846420146948461e-04
2.003105936726022954e-03
1.579379791844521042e-05
1.151080564662424448e-04
7.536885694566536911e-06
9.193230835259448889e-05
7.344045205493017947e-05
1.712027757642120562e-04
7.927905953394015330e-05
1.055880912413027274e-04
7.634779632086872167e-05
2.481605037282645404e-04
1.983110420684755808e-04
9.105311356335286466e-05
7.224467568327104766e-05
8.139722288365756843e-05
1.198831925278136961e-04
6.160538726307256596e-05
2.792283224384679787e-04
4.505087364155022041e-05
3.539129314817466031e-05
3.366626364229785226e-05
1.693712820065626078e-04
4.551998497608626448e-05
1.224955505522905943e-05
1.721169461781618247e-04
6.510329165671367604e-05
8.152423270285970856e-05
1.184837342484638115e-04
1.474759260538174713e-04
1.392991762410285348e-04
1.124418369875013912e-04
1.226829349001219336e-04
6.717887903531496931e-05
1.178407977822211407e-04
2.212063515900072126e-04
7.659612385051711866e-05
9.634635880360915415e-05
1.585527801135341375e-04
1.333522833527332513e-04
1.105967478624569358e-04
5.733954538357315632e-05
1.063422256030718203e-04
1.144415746993603095e-04
8.752948176967068799e-05
2.552786637552103589e-05
7.113790652041803732e-05
6.274017807968157445e-05
1.043874966609838667e-04
1.587987789581265510e-04
1.964414236313303445e-04
2.502566835823582777e-04
1.680505562998845404e-04
3.000690992546624618e-04
9.707111104949612949e-05
1.631528339211332237e-04
1.915941137754933489e-04
9.915944289924575174e-05
6.088198927775052030e-05
8.916500873873727721e-05
1.038235405943234684e-04
8.958456535945799463e-05
1.365111333055915219e-04
1.044908096503905390e-04
1.614410489322708208e-04
1.983104878177106140e-04
1.755141099787587799e-04
1.411258261624940495e-04
1.076239878195805241e-04
1.829993608133557428e-04
3.890102724437138741e-04
1.597433695538221952e-03
1.481311787058557183e-04
8.235253108637321899e-04
5.317927273464084781e-04
4.469876043643215900e-04
2.948613838245154055e-04
1.013859802587252176e-04
1.368956210166993783e-04
1.412150234368379287e-04
4.708604843413277609e-04
4.886669393858642484e-04
3.581621350264467605e-04
6.199722920425068153e-05
7.124636170910184606e-04
6.630328194354656937e-04
2.598768446710004922e-04
4.565512775646636090e-04
2.838957920540031055e-04
2.284100680621039409e-03
1.250214971794221517e-04
4.038084394408872910e-04
5.428131013548123012e-04
2.391192594104278298e-04
7.200623918983279086e-05
2.719200398726033595e-04
3.342076463893852616e-04
7.853350269711302598e-04
2.378487222404163077e-05
4.432113737190217077e-04
1.054886847327085798e-04
2.028371103901384191e-04
2.672851552631009056e-04
7.353523465937388871e-05
3.861873671671525515e-04
5.938497316013516427e-05
2.934687287742948343e-04
1.998942697744920515e-03
2.749696207587253634e-04
3.163513454334827965e-04
1.015902051013706692e-04
6.682872467538234222e-05
1.792699096692129701e-04
1.373247836771240371e-04
1.280465845874051087e-04
1.261796739935304196e-04
1.870875609211034626e-04
1.394412046747739236e-04
1.398797879258400047e-04
5.655219610393153162e-05
9.420533460405481458e-05
1.290940226690027504e-04
1.623627667777873841e-04
1.163875458258358051e-04
1.764789074632462976e-04
9.356182699120149248e-05
1.518659446913164560e-05
1.997355414799614932e-04
1.468965982573955929e-04
6.227939376013189976e-05
1.757701189883878337e-04
2.031985566179895489e-04
1.005471427530940117e-04
1.133403942938511320e-04
2.156135044103637418e-05
1.429162549717924164e-04
1.415115854585899543e-04
2.228433196949908518e-04
4.473109936395489890e-05
6.126973997274628460e-05
2.099127879351054052e-04
9.438362871183662807e-05
6.337966787347191729e-05
1.104396005734995732e-04
8.664369113398155122e-05
1.169197882262544861e-04
4.244360075168732187e-05
1.100477869682351241e-04
1.958388170533889399e-04
1.212703147447512946e-04
1.665193664858738844e-04
9.271474647149971883e-05
1.171607961783110205e-04
1.746534573970851423e-04
1.294090050735822951e-04
1.290433039399151648e-04
1.417247778280717547e-04
1.241896840777975274e-04
1.055857361856643497e-04
1.661107712547030539e-04
1.052131954096810821e-04
2.140754631378459581e-04
2.295517596268432372e-04
1.575842491948629606e-04
1.561990051936137816e-04
6.229985171151913663e-05
8.514686523346114589e-05
1.867242284798802077e-04
1.490539204270539483e-04
3.068807683034603922e-04
8.407095578740435412e-05
2.367971495303214369e-04
8.708185352014774928e-05
1.530338193574980654e-04
1.257956551940321032e-05
4.242565165579533924e-05
1.146466046949373111e-04
8.649738991087265448e-05
1.090001249203933315e-04
6.791687625174467127e-05
1.006532238401655057e-04
1.174483400847001517e-04
1.190525566013192455e-04
1.022979734745637086e-04
1.272087948626864865e-04
8.078976823753805322e-05
7.530717973043279609e-05
1.561394147880729383e-04
1.709266363100367077e-04
1.371970212041268141e-04
9.141920368375580197e-05
1.618981180227314540e-04
7.716032464782294738e-05
7.157222672145253711e-05
1.014308662467878249e-04
4.515478241984378026e-05
1.158222118118747244e-04
1.109730600521326421e-04
1.219251115576986891e-04
2.012160870119117199e-04
1.238589537539392348e-04
1.238831769551338477e-04
1.319580320372288262e-04
1.579109619804778175e-04
8.507405288948496588e-05
9.835188969696409891e-05
1.301417107058308424e-04
1.593351124686049637e-04
1.322781797813605848e-04
7.997807802735791636e-05
2.278465488934570537e-04
2.502845490719905427e-04
9.532191704523558387e-05
7.980681830886679549e-05
1.374436522746609113e-04
1.626663011708719912e-04
1.877032109796005724e-04
1.751464530352793685e-04
1.894175327269109169e-04
7.948439683128328767e-05
2.129152720990193045e-04
5.576294622074387422e-05
7.728592680793367864e-05
2.479991292614160191e-04
2.492934577513915197e-04
1.401028047317214400e-04
9.956733959449208451e-05
9.188455742098613566e-05
1.368117642422163880e-04
1.242742000497769111e-04
6.647707904429954202e-05
1.900166847385108379e-04
1.072903843526414676e-04
2.083261560812322188e-04
1.679963985242261340e-04
8.047834565813992576e-05
5.491395880358589132e-05
1.527870975983396063e-04
7.896408199813909827e-05
4.550136556150382808e-05
4.056994939859762491e-05
5.672364280350489484e-05
2.690142220412040840e-05
2.106304351576928193e-04
1.087179234754922797e-04
5.196115920522045807e-05
4.998676802350872150e-05
6.388116231484078811e-05
1.619966384596303237e-04
7.037642381480549393e-05
1.840043755100163739e-04
1.062441051393456156e-04
2.567503464107753698e-04
1.056633960684001580e-04
1.243607307775294543e-04
1.315860489529458062e-04
1.144681120660968833e-04
1.506664759707595342e-04
1.330851569258338900e-04
1.757321757385458443e-04
2.020752493589107095e-04
1.641106395604221722e-04
6.940963087130017257e-05
2.205056837855277018e-04
2.035559372289303813e-04
3.949538318884710165e-05
6.726798837541210464e-05
1.207881875844498819e-04
6.176164255817910304e-05
9.041134198152808276e-05
1.016075683286794514e-04
5.439557618347405074e-05
9.336356363085595688e-05
1.598569154539860226e-04
1.390479810796119446e-04
1.648170394679184263e-04
8.558743142089066266e-05
5.251077990751257826e-05
1.031929503210716429e-04
1.290586375296762505e-04
9.786111111595289548e-05
9.633844657505270576e-05
1.082845092463995341e-04
1.547045094284475611e-04
9.574432561043356429e-05
5.380134363584712886e-05
7.901739964678539758e-05
1.962231748987819347e-04
1.614919879884171687e-04
1.429060657506531760e-04
1.908328253282791267e-04
1.017483224857092136e-04
1.179154315866767956e-04
1.591772384364642415e-04
1.974597766955497890e-04
1.953555040180301409e-04
1.551563714770445087e-04
1.002161848631033178e-04
2.217184675343832046e-04
2.020606398058029558e-04
1.801028650824437131e-04
1.270235883196108354e-04
1.357961931132124181e-04
1.427828132384336150e-04
1.016999597464372069e-04
2.055707362803798981e-04
1.415599904089816924e-04
3.113111895995462967e-05
1.242151972997759118e-04
9.870506126993683501e-05
1.015356871898505516e-04
1.642094813731347525e-04
7.134891046724228412e-05
1.318019777109726422e-04
2.206896726562537639e-04
8.142872500453522807e-05
1.683477316911603848e-04
9.597932607844007107e-05
1.434998109528995349e-04
2.249919380592583509e-04
4.566577772926666621e-05
1.486429548605504552e-04
4.000642687377399575e-05
1.414184163445644359e-04
1.120535967492293424e-04
1.313805922554115487e-04
1.163492482160310423e-04
1.365245887841762631e-04
1.853583327434748325e-04
6.050683561686989460e-05
6.801202450810906895e-05
1.437996114718753139e-04
1.532881631970047789e-04
1.744259982678994395e-04
1.937319928881871874e-04
1.356420778114433509e-04
1.499604098868381015e-04
8.343722744892905635e-05
2.258027137629234848e-04
1.584494578569650290e-04
1.602209107036251228e-04
8.969942798625853066e-05
1.377991657093892712e-04
2.063448525577746100e-04
1.501722366386072942e-04
9.730821785105518587e-05
1.286895636052441270e-04
1.097863180726573601e-04
2.428836504163148810e-04
1.814492731641212907e-04
1.157203223503537766e-04
7.897504738873561741e-05
1.859553538566419226e-04
1.578195518333610852e-04
8.444246394132432507e-05
2.039034978995965411e-04
1.057100092713826687e-04
9.000319791973389110e-05
1.242235415933762863e-04
7.986004402478605237e-05
6.144478296166033956e-05
1.059484966948168910e-04
1.725827735750271508e-04
1.131333304810710057e-04
1.303812467142526489e-04
1.270404992575291478e-04
1.801642082915541078e-04
1.205180354663814462e-04
8.319414391790743422e-05
7.232867159866721181e-05
9.152912656156944940e-05
1.301822065636932418e-04
9.453993058473333325e-05
8.564280364748512496e-05
1.094458162417359919e-04
1.341109007417850890e-04
1.525707297835192714e-04
1.345659152587182987e-04
2.089791940629503401e-04
1.420331062025939064e-04
8.229550046404966160e-05
8.231825642695183654e-05
1.383460588455198942e-04
8.598946973836865150e-05
1.586656950994472931e-04
7.227376836037118207e-05
2.262137914464534155e-04
1.096421788257385916e-04
6.415139300388155688e-05
2.032112306716769531e-04
3.754849653687766152e-05
9.338587166913030950e-05
1.032823660302507239e-04
4.626370839242466981e-05
1.891287720609066572e-04
1.228512662714443941e-04
6.525153219073447704e-05
5.749202657841497662e-05
1.384123342612749114e-04
1.565631629120740203e-04
9.493879257060637198e-05
8.678100761448264745e-05
1.162090456554314328e-04
1.640594768061865024e-04
2.423773457009589078e-04
1.553836837426739018e-04
5.803547427809341113e-05
8.804228374788165823e-05
1.181539395748207972e-04
1.297775023561599538e-04
1.924164582509241815e-04
1.058267776353447617e-04
1.116645696471671310e-04
9.102174021484138835e-05
1.193633745831065461e-04
2.187430006730231092e-04
9.044226428623436214e-05
1.953357048791022296e-04
1.066962173111416797e-04
9.320119941941666674e-05
2.170571127621599532e-04
1.575850174335570019e-04
1.420564579518097980e-04
7.332818408428588700e-05
2.280865015065235222e-04
1.441972782371225663e-04
7.928306239224075372e-05
2.138139177756424652e-04
5.190905834532436779e-05
6.430845292653275395e-05
6.021315619972320753e-05
5.523562243002977449e-05
8.088886920875170273e-05
1.013939808015597841e-04
8.470802336794857018e-05
3.151681429251717133e-05
1.008156535169393245e-04
5.322783490962395073e-05
1.352541128265848428e-04
1.359159097813907285e-04
3.167601398898015346e-05
8.838767009602602328e-05
1.165122303985852457e-04
1.815015390846934525e-04
1.087012916734267321e-04
1.443866483188905258e-04
1.341203404551901865e-04
1.199909137384099899e-04
9.677323660666038794e-05
1.309665782318535315e-04
1.624128902679641015e-04
1.263367427263996747e-04
5.982042459112567919e-05
1.064600179973840944e-04
1.535094829018126910e-04
1.366334735448584547e-04
2.177665277506998461e-04
1.478059549632069125e-04
1.296385767429903422e-04
1.576384042115786075e-04
7.587066757133203900e-05
1.436807620271271697e-04
1.137732918380777753e-04
1.633480878262838791e-04
1.167727033169733347e-05
1.409634663552284946e-04
7.788988737583370139e-05
5.256957268127589313e-05
1.531416539509462404e-04
9.796414588246856641e-05
2.178730820101384730e-04
1.643408810274026325e-04
1.091903489385240473e-04
1.142980488615374246e-04
1.328271171267092856e-04
3.203689552083066372e-05
4.523548771312271876e-05
1.121976487394067820e-04
1.416623367256417815e-04
7.102097349544593823e-05
5.928022560628537756e-05
1.198394672827643784e-04
1.603536226328321072e-04
1.979486068116841622e-04
2.381585190134263179e-04
1.149829455424272240e-04
6.404387820707660949e-05
1.401684881295667457e-04
1.778960584871830115e-04
1.859177790522770777e-04
1.972680954418144274e-04
1.966437287992332914e-04
1.212648808456527209e-04
8.813592579615263964e-05
7.792486903806376851e-05
8.476178102223451340e-05
1.684953011364777385e-04
5.029054881651886350e-05
4.318191605370911012e-05
1.220716596404697600e-04
6.632458349346083458e-05
1.513237812070619584e-04
3.435264940906651956e-05
1.143036707423202941e-04
1.157678510280515959e-04
2.379019747834779195e-04
2.098546093558619798e-04
9.391866438776996957e-05
1.464295413680405150e-04
1.551784994887794498e-04
1.362555063662651100e-04
8.264563619289864722e-05
5.461736098549526200e-05
1.375868303653654773e-04
1.678302321465205643e-04
1.071516131822503141e-04
3.821271292731946701e-05
1.649315973542563073e-04
2.179832248735987627e-04
6.195915145544632309e-05
4.661685341720877066e-05
1.116582020493837960e-04
1.258530993809952572e-04
1.003805832601181253e-04
9.146331161571695588e-05
1.326056314265500386e-04
1.422745102206178307e-04
6.486747991876595624e-05
8.430315253682635953e-05
1.529298809509456003e-04
1.959420920811191531e-04
6.016777292856221324e-05
9.246385273055374296e-05
6.990416566374715195e-05
2.379795173244661759e-04
7.403415701831157747e-05
3.405388444105947353e-05
2.240847610996902074e-04
9.660508764507671684e-05
1.090899649721262243e-04
5.707580734657616040e-05
6.584583298468374283e-05
6.429490907410544001e-05
1.515098130123110679e-04
9.773514679445431685e-05
1.304097115349125643e-04
1.613033253881089645e-04
1.782039610628365057e-04
6.466397391154338550e-05
1.341471042399141060e-04
1.206108400746799033e-04
1.489472877639918299e-04
1.094906606213181307e-04
4.415120452051510481e-05
1.793653888805859511e-04
9.145289211816682001e-05
1.221355809709995211e-04
8.050153718353666044e-05
1.449191208570886050e-05
1.317026668029995149e-04
1.039688591155792189e-04
1.008499548480209460e-04
1.695452407935078582e-04
8.462244131858629326e-05
1.191479014502369318e-05
1.571552056167908960e-04
8.365691352931905838e-05
8.089787752825858974e-05
7.999586019314999514e-05
1.418567424753556573e-04
1.361020168951015345e-04
1.434657805013044387e-04
1.365384537688893386e-04
8.383437796518891573e-05
1.209083923106629477e-04
1.617817785474260197e-04
1.917919555984128391e-04
2.059756700351933771e-05
4.904412939680190785e-05
1.036845212266410772e-04
1.089541525832519558e-04
3.278755107366539519e-05
1.026369503027585065e-04
7.994621871583852766e-05
1.144091697570152568e-04
9.835239277143147747e-05
1.987879342353207699e-04
3.052317853217429385e-06
5.212418067376709620e-05
2.557444282282784359e-04
9.669569382084061910e-05
1.068611369960969403e-04
1.212111830293604686e-04
1.051251772939981613e-04
1.450806549106315986e-04
1.273884153645470996e-04
1.085646852230243305e-04
1.655035632915649807e-04
9.841975790775959023e-05
3.115915018133620960e-05
4.991922083428367441e-05
9.546068830909691801e-05
1.502203512815261199e-04
1.251518171302354592e-04
1.048053343282374954e-04
1.515487513243843733e-04
1.336951664249678008e-04
9.164266730710821291e-05
1.200649308618307129e-04
1.893093876910841781e-04
1.566732165210978133e-04
1.910456090663450928e-05
1.374385513893664650e-04
1.035189675975940694e-04
4.505083940857266341e-05
2.417389517516941748e-05
3.509929141069187972e-05
1.372083199020812162e-04
2.160612285078243741e-04
9.236226563567806675e-05
9.129245053628822816e-05
1.221596719951785449e-04
1.698069900884050269e-04
1.398771036556513663e-04
6.918341881691610290e-05
8.967122493959250840e-05
2.162133461340293552e-04
9.271043854662513312e-05
1.313108421888099439e-04
1.054321122362660197e-04
1.162378386456002904e-04
1.208670417970727676e-04
1.371175621612993856e-04
1.477484732853236746e-04
3.676574449011706124e-05
1.150546287119223943e-04
4.292023567429647331e-05
5.407004361234816450e-05
1.084289349971214063e-04
1.933763279362335475e-04
4.377783813647052999e-05
3.632935602801270342e-02
1.733059114245413162e-04
4.241800463480683084e-03
1.250040946594293135e-04
3.986013184434163852e-04
2.384720263182502076e-02
3.244575937378550517e-04
1.383385862225832742e-02
4.595321283395789450e-04
3.413882085421854513e-04
1.069057111289870975e-03
2.929135895541234297e-03
2.050343508576334128e-02
4.033124761083626045e-04
1.870239481177625798e-02
2.989329702164468592e-04
2.112170315971835901e-04
2.699998158235742112e-04
3.067000033484915122e-02
1.275326209761839104e-04
4.661170530371900873e-04
1.527988955432577067e-02
1.952908172768856620e-04
2.293627054840826143e-02
1.604713901127910458e-02
2.287826441373751966e-03
1.700928390114291337e-03
2.603044922046511729e-03
7.249542814557892153e-04
5.581352787321009531e-04
1.233441662139797383e-02
7.500082862860210729e-04
1.356986013411602514e-02
8.614239254719467675e-05
1.614580333393628902e-03
7.723117746489820308e-04
2.168126664870483142e-04
2.904182887383708125e-02
2.590477857752601686e-04
3.129612190750475503e-02
1.097885286408604305e-02
9.621710142412727939e-05
1.511995378125247395e-03
3.637749943410174824e-02
6.819136372348843546e-04
2.549000074172859745e-02
9.509982315497946285e-04
1.589537860069344111e-02
2.684945480149363625e-04
3.296743310491677403e-02
1.445679493154195547e-04
6.581810736760335958e-05
3.757530907955507573e-04
8.392033287586101332e-05
1.940013078628117713e-02
4.907932036323053556e-04
1.221436437586621458e-03
3.029060123029072042e-04
2.516051459985435904e-02
1.637083720142494146e-04
2.601091618401941280e-02
3.098840733377218951e-02
7.498017574778405693e-04
2.886622731464358847e-03
3.702407966690323717e-04
8.425503957820357952e-04
5.677185337721554238e-04
1.338511398222997674e-02
5.579370135892619369e-03
4.907342283051849188e-04
2.668299866439128405e-04
6.027004679162056323e-04
9.685116878005054853e-04
4.340414019636479413e-04
2.790765070046665949e-02
2.679180245947370906e-02
2.916296861100358198e-03
2.581737282878852208e-02
1.909396990818093098e-04
1.196872274035244721e-04
5.050119299359178012e-05
1.075132143429816898e-04
6.429726037257076467e-05
1.313135962520304504e-04
2.787964698394759648e-04
9.968902644974597194e-05
1.545026251878464988e-04
1.294006875061500200e-04
1.986814594087213284e-04
1.462185361033828119e-04
1.061610297011331160e-04
1.347156601992127766e-04
3.748592192499362505e-04
2.223317657553590615e-04
1.951468056723496816e-04
9.269473497866628374e-05
2.465988551781824454e-04
1.960055636932753979e-03
2.429306962158197841e-04
4.576008430168235675e-04
1.142035200152949755e-04
1.024484530721372948e-04
1.461789170938413340e-04
6.570821174441738471e-05
1.722842299479091627e-04
1.587275306050842843e-04
9.840227357851101184e-05
1.171125764263945308e-04
8.457040143814536484e-05
6.082853818299414249e-05
1.182015391295631522e-04
1.079012863496428185e-04
8.695744373090492625e-05
6.948896856031712345e-05
1.524434556892049206e-04
1.141489323312337603e-04
8.901734820401717928e-05
1.139090536303713941e-04
1.359528680769302731e-04
8.776004010388225121e-05
1.282504994329184160e-04
1.409087776503834867e-04
1.531338829069331777e-04
1.148479176200590054e-04
7.844582445438480652e-05
1.227925054772445739e-04
6.958195550543070144e-05
1.275647302630079829e-04
1.236533644364820942e-04
2.038332988004512580e-04
1.298305286002956918e-04
1.032449671650135256e-04
6.601651737326959192e-05
1.492703970172886048e-04
1.668901526252807097e-04
1.134987027524919038e-04
1.133587891971619748e-04
1.143456868445476445e-04
1.510859535437591105e-04
7.708592502037497950e-05
3.661722389700097454e-05
9.083728920295356150e-05
1.092785659856072920e-04
7.452672630220424921e-05
3.834938292165482863e-05
1.706009511620249560e-04
6.798731735956963851e-05
1.517094823738315054e-04
1.206716082797544304e-04
9.142638031599920837e-05
4.080475553733232254e-06
9.489198039764023792e-05
1.172711735431220616e-04
3.121894554159446226e-05
1.662698461097609256e-04
4.765249253136924962e-06
1.486293725023030946e-04
1.543197903270859860e-04
1.271559064445489215e-04
1.035512594129913983e-04
6.146173813370635168e-05
5.361021174781768832e-05
2.458640284509601643e-04
1.326079282947417747e-04
1.560733480325846121e-04
9.255782667169777211e-05
1.566637761546686941e-04
5.503116762924029081e-05
1.220829687774245477e-04
7.393901357583371962e-05
1.020094046659699008e-04
4.189087808465673181e-04
2.349846324678921822e-03
2.552625157139863654e-02
6.212697690595163510e-05
4.125691908750667289e-04
4.101358707558380013e-05
1.945523177879918261e-03
3.685948467969911435e-02
1.343398814557389409e-03
1.153674905740448558e-04
1.279573800616489766e-03
